
X = [1 2 3; 1 2 3; 1 2 3];

Y = [1; 1; 10];

(X - Y)